59 2 3 4 4 4 4 4 4 
71 2 3 4 4 4 4 4 4 
135 0 3 4 4 4 4 4 4 
135 0 3 4 4 4 4 4 4 
188 6 3 4 4 4 4 4 4 
5 0 3 4 4 4 4 4 4 
48 0 3 4 4 4 4 4 4 
69 0 3 4 4 4 4 4 4 
5 2 3 4 4 4 4 4 4 
155 0 3 4 4 4 4 4 4 
155 0 3 4 4 4 4 4 4 
155 0 3 4 4 4 4 4 4 
177 0 3 4 4 4 4 4 4 
177 0 3 4 4 4 4 4 4 
59 122 2 3 4 4 4 4 4 
59 122 2 3 4 4 4 4 4 
59 122 2 3 4 4 4 4 4 
68 0 3 4 4 4 4 4 4 
68 0 3 4 4 4 4 4 4 
84 141 2 3 4 4 4 4 4 
84 172 2 3 4 4 4 4 4 
84 190 0 3 4 4 4 4 4 
84 190 0 3 4 4 4 4 4 
84 190 2 3 4 4 4 4 4 
5 117 0 3 4 4 4 4 4 
12 0 3 4 4 4 4 4 4 
12 0 3 4 4 4 4 4 4 
26 0 3 4 4 4 4 4 4 
26 0 3 4 4 4 4 4 4 
26 0 3 4 4 4 4 4 4 
26 0 3 4 4 4 4 4 4 
57 174 2 3 4 4 4 4 4 
59 118 2 3 4 4 4 4 4 
59 118 2 3 4 4 4 4 4 
59 118 2 3 4 4 4 4 4 
61 91 0 3 4 4 4 4 4 
61 91 0 3 4 4 4 4 4 
61 91 6 3 4 4 4 4 4 
61 91 6 3 4 4 4 4 4 
61 91 6 3 4 4 4 4 4 
77 89 2 3 4 4 4 4 4 
77 89 2 3 4 4 4 4 4 
81 111 2 3 4 4 4 4 4 
81 111 2 3 4 4 4 4 4 
84 45 2 3 4 4 4 4 4 
84 45 2 3 4 4 4 4 4 
84 98 2 3 4 4 4 4 4 
84 102 2 3 4 4 4 4 4 
84 102 2 3 4 4 4 4 4 
84 105 2 3 4 4 4 4 4 
84 126 2 3 4 4 4 4 4 
86 5 2 3 4 4 4 4 4 
86 120 2 3 4 4 4 4 4 
86 120 2 3 4 4 4 4 4 
5 2 3 4 4 4 4 4 4 
117 182 0 3 4 4 4 4 4 
117 182 0 3 4 4 4 4 4 
117 182 0 3 4 4 4 4 4 
117 182 0 3 4 4 4 4 4 
117 182 0 3 4 4 4 4 4 
117 182 0 3 4 4 4 4 4 
117 182 0 3 4 4 4 4 4 
117 182 0 3 4 4 4 4 4 
117 182 0 3 4 4 4 4 4 
130 6 3 4 4 4 4 4 4 
130 6 3 4 4 4 4 4 4 
130 6 3 4 4 4 4 4 4 
5 2 3 4 4 4 4 4 4 
183 172 2 3 4 4 4 4 4 
183 190 2 3 4 4 4 4 4 
183 190 2 3 4 4 4 4 4 
183 190 2 3 4 4 4 4 4 
183 190 2 3 4 4 4 4 4 
11 168 2 3 4 4 4 4 4 
5 0 3 4 4 4 4 4 4 
16 22 2 3 4 4 4 4 4 
16 22 2 3 4 4 4 4 4 
16 22 2 3 4 4 4 4 4 
16 29 2 3 4 4 4 4 4 
16 42 2 3 4 4 4 4 4 
16 42 2 3 4 4 4 4 4 
16 42 2 3 4 4 4 4 4 
16 42 2 3 4 4 4 4 4 
16 42 2 3 4 4 4 4 4 
16 42 2 3 4 4 4 4 4 
16 5 2 3 4 4 4 4 4 
16 116 2 3 4 4 4 4 4 
16 116 2 3 4 4 4 4 4 
16 116 2 3 4 4 4 4 4 
16 116 2 3 4 4 4 4 4 
16 116 2 3 4 4 4 4 4 
16 116 2 3 4 4 4 4 4 
5 91 2 3 4 4 4 4 4 
21 111 2 3 4 4 4 4 4 
21 111 2 3 4 4 4 4 4 
21 175 2 3 4 4 4 4 4 
21 175 2 3 4 4 4 4 4 
28 89 2 3 4 4 4 4 4 
28 89 2 3 4 4 4 4 4 
28 89 2 3 4 4 4 4 4 
28 89 2 3 4 4 4 4 4 
28 122 0 3 4 4 4 4 4 
28 122 2 3 4 4 4 4 4 
28 122 2 3 4 4 4 4 4 
28 122 2 3 4 4 4 4 4 
40 91 0 3 4 4 4 4 4 
40 91 0 3 4 4 4 4 4 
40 91 0 3 4 4 4 4 4 
40 91 0 3 4 4 4 4 4 
57 168 2 3 4 4 4 4 4 
57 124 0 3 4 4 4 4 4 
57 124 0 3 4 4 4 4 4 
57 124 0 3 4 4 4 4 4 
57 124 2 3 4 4 4 4 4 
57 124 2 3 4 4 4 4 4 
59 13 0 3 4 4 4 4 4 
59 13 0 3 4 4 4 4 4 
59 13 2 3 4 4 4 4 4 
59 13 2 3 4 4 4 4 4 
59 13 2 3 4 4 4 4 4 
59 13 2 3 4 4 4 4 4 
59 13 2 3 4 4 4 4 4 
59 13 2 3 4 4 4 4 4 
59 13 2 3 4 4 4 4 4 
59 13 2 3 4 4 4 4 4 
59 76 2 3 4 4 4 4 4 
59 76 2 3 4 4 4 4 4 
59 76 2 3 4 4 4 4 4 
59 76 2 3 4 4 4 4 4 
59 147 2 3 4 4 4 4 4 
59 147 2 3 4 4 4 4 4 
5 0 3 4 4 4 4 4 4 
64 122 0 3 4 4 4 4 4 
64 122 0 3 4 4 4 4 4 
64 122 2 3 4 4 4 4 4 
64 122 2 3 4 4 4 4 4 
66 128 2 3 4 4 4 4 4 
66 128 2 3 4 4 4 4 4 
66 136 2 3 4 4 4 4 4 
69 111 0 3 4 4 4 4 4 
69 111 2 3 4 4 4 4 4 
69 111 2 3 4 4 4 4 4 
69 175 2 3 4 4 4 4 4 
69 175 2 3 4 4 4 4 4 
75 91 0 3 4 4 4 4 4 
75 122 2 3 4 4 4 4 4 
81 168 2 3 4 4 4 4 4 
84 8 2 3 4 4 4 4 4 
84 5 2 3 4 4 4 4 4 
84 38 2 3 4 4 4 4 4 
84 38 2 3 4 4 4 4 4 
84 39 2 3 4 4 4 4 4 
84 5 2 3 4 4 4 4 4 
84 5 2 3 4 4 4 4 4 
84 5 2 3 4 4 4 4 4 
84 154 2 3 4 4 4 4 4 
84 154 2 3 4 4 4 4 4 
84 157 2 3 4 4 4 4 4 
84 157 2 3 4 4 4 4 4 
84 170 2 3 4 4 4 4 4 
84 170 2 3 4 4 4 4 4 
84 170 2 3 4 4 4 4 4 
84 5 2 3 4 4 4 4 4 
85 59 2 3 4 4 4 4 4 
86 168 2 3 4 4 4 4 4 
86 43 2 3 4 4 4 4 4 
86 43 2 3 4 4 4 4 4 
86 5 2 3 4 4 4 4 4 
86 74 0 3 4 4 4 4 4 
86 74 0 3 4 4 4 4 4 
86 88 2 3 4 4 4 4 4 
86 137 2 3 4 4 4 4 4 
86 5 2 3 4 4 4 4 4 
86 186 2 3 4 4 4 4 4 
86 186 2 3 4 4 4 4 4 
92 111 0 3 4 4 4 4 4 
94 175 2 3 4 4 4 4 4 
94 175 2 3 4 4 4 4 4 
95 91 2 3 4 4 4 4 4 
95 91 2 3 4 4 4 4 4 
96 111 2 3 4 4 4 4 4 
96 111 2 3 4 4 4 4 4 
111 1 169 2 3 4 4 4 4 
123 174 2 3 4 4 4 4 4 
123 174 2 3 4 4 4 4 4 
5 0 3 4 4 4 4 4 4 
141 193 2 3 4 4 4 4 4 
143 111 2 3 4 4 4 4 4 
143 111 2 3 4 4 4 4 4 
144 174 0 3 4 4 4 4 4 
144 174 0 3 4 4 4 4 4 
144 174 0 3 4 4 4 4 4 
144 174 0 3 4 4 4 4 4 
144 174 0 3 4 4 4 4 4 
148 5 2 3 4 4 4 4 4 
158 91 2 3 4 4 4 4 4 
158 91 2 3 4 4 4 4 4 
160 111 2 3 4 4 4 4 4 
160 111 2 3 4 4 4 4 4 
168 190 2 3 4 4 4 4 4 
178 174 0 3 4 4 4 4 4 
178 174 0 3 4 4 4 4 4 
178 174 0 3 4 4 4 4 4 
178 174 2 3 4 4 4 4 4 
178 174 2 3 4 4 4 4 4 
180 174 2 3 4 4 4 4 4 
180 174 2 3 4 4 4 4 4 
183 98 2 3 4 4 4 4 4 
183 105 2 3 4 4 4 4 4 
183 105 2 3 4 4 4 4 4 
183 105 2 3 4 4 4 4 4 
183 105 2 3 4 4 4 4 4 
183 105 2 3 4 4 4 4 4 
183 105 2 3 4 4 4 4 4 
183 105 2 3 4 4 4 4 4 
183 105 2 3 4 4 4 4 4 
183 105 2 3 4 4 4 4 4 
183 105 2 3 4 4 4 4 4 
5 2 3 4 4 4 4 4 4 
188 190 6 3 4 4 4 4 4 
188 190 6 3 4 4 4 4 4 
193 135 2 3 4 4 4 4 4 
10 84 43 6 3 4 4 4 4 
10 84 43 6 3 4 4 4 4 
11 163 2 3 4 4 4 4 4 
11 163 2 3 4 4 4 4 4 
14 119 0 3 4 4 4 4 4 
14 119 0 3 4 4 4 4 4 
14 119 2 3 4 4 4 4 4 
14 119 2 3 4 4 4 4 4 
14 119 2 3 4 4 4 4 4 
14 119 2 3 4 4 4 4 4 
16 7 108 2 3 4 4 4 4 
16 7 108 2 3 4 4 4 4 
16 153 2 3 4 4 4 4 4 
16 153 2 3 4 4 4 4 4 
16 153 2 3 4 4 4 4 4 
17 111 2 3 4 4 4 4 4 
17 111 2 3 4 4 4 4 4 
21 168 2 3 4 4 4 4 4 
21 168 2 3 4 4 4 4 4 
5 174 0 3 4 4 4 4 4 
29 119 0 3 4 4 4 4 4 
5 72 2 3 4 4 4 4 4 
39 122 2 3 4 4 4 4 4 
39 122 2 3 4 4 4 4 4 
39 122 2 3 4 4 4 4 4 
39 122 2 3 4 4 4 4 4 
46 168 2 3 4 4 4 4 4 
46 168 2 3 4 4 4 4 4 
49 165 2 3 4 4 4 4 4 
49 165 2 3 4 4 4 4 4 
57 37 0 3 4 4 4 4 4 
57 37 2 3 4 4 4 4 4 
57 37 2 3 4 4 4 4 4 
57 37 2 3 4 4 4 4 4 
57 37 2 3 4 4 4 4 4 
57 105 0 3 4 4 4 4 4 
57 105 0 3 4 4 4 4 4 
57 105 0 3 4 4 4 4 4 
57 5 0 3 4 4 4 4 4 
59 9 2 3 4 4 4 4 4 
59 9 2 3 4 4 4 4 4 
59 9 2 3 4 4 4 4 4 
59 9 2 3 4 4 4 4 4 
60 93 0 3 4 4 4 4 4 
60 93 0 3 4 4 4 4 4 
60 93 0 3 4 4 4 4 4 
62 72 2 3 4 4 4 4 4 
62 72 2 3 4 4 4 4 4 
65 55 2 3 4 4 4 4 4 
65 55 2 3 4 4 4 4 4 
66 5 2 3 4 4 4 4 4 
67 186 2 3 4 4 4 4 4 
69 168 2 3 4 4 4 4 4 
69 168 2 3 4 4 4 4 4 
71 1 5 2 3 4 4 4 4 
79 5 0 3 4 4 4 4 4 
79 5 6 3 4 4 4 4 4 
79 116 0 3 4 4 4 4 4 
79 116 0 3 4 4 4 4 4 
79 116 0 3 4 4 4 4 4 
79 116 0 3 4 4 4 4 4 
5 111 2 3 4 4 4 4 4 
83 174 2 3 4 4 4 4 4 
83 174 2 3 4 4 4 4 4 
83 174 2 3 4 4 4 4 4 
83 174 2 3 4 4 4 4 4 
84 10 43 2 3 4 4 4 4 
84 32 120 2 3 4 4 4 4 
84 32 120 2 3 4 4 4 4 
84 32 91 2 3 4 4 4 4 
84 32 91 2 3 4 4 4 4 
84 5 2 3 4 4 4 4 4 
84 5 2 3 4 4 4 4 4 
84 57 91 2 3 4 4 4 4 
84 61 91 2 3 4 4 4 4 
84 61 91 2 3 4 4 4 4 
84 5 2 3 4 4 4 4 4 
84 5 2 3 4 4 4 4 4 
84 5 2 3 4 4 4 4 4 
84 5 2 3 4 4 4 4 4 
84 5 2 3 4 4 4 4 4 
84 5 2 3 4 4 4 4 4 
84 127 2 3 4 4 4 4 4 
84 127 2 3 4 4 4 4 4 
84 131 2 3 4 4 4 4 4 
84 131 2 3 4 4 4 4 4 
84 133 2 3 4 4 4 4 4 
84 133 2 3 4 4 4 4 4 
84 139 91 2 3 4 4 4 4 
84 139 91 2 3 4 4 4 4 
84 5 2 3 4 4 4 4 4 
84 152 2 3 4 4 4 4 4 
84 152 2 3 4 4 4 4 4 
84 5 2 3 4 4 4 4 4 
84 176 91 2 3 4 4 4 4 
84 176 91 2 3 4 4 4 4 
84 176 91 2 3 4 4 4 4 
85 5 2 3 4 4 4 4 4 
85 172 2 3 4 4 4 4 4 
85 172 2 3 4 4 4 4 4 
86 14 2 3 4 4 4 4 4 
86 14 2 3 4 4 4 4 4 
86 5 2 3 4 4 4 4 4 
86 20 2 3 4 4 4 4 4 
86 20 2 3 4 4 4 4 4 
86 22 2 3 4 4 4 4 4 
86 27 2 3 4 4 4 4 4 
86 29 2 3 4 4 4 4 4 
86 29 2 3 4 4 4 4 4 
86 31 2 3 4 4 4 4 4 
86 31 2 3 4 4 4 4 4 
86 5 2 3 4 4 4 4 4 
86 42 2 3 4 4 4 4 4 
86 42 2 3 4 4 4 4 4 
86 42 2 3 4 4 4 4 4 
86 5 2 3 4 4 4 4 4 
86 47 2 3 4 4 4 4 4 
86 47 2 3 4 4 4 4 4 
86 47 2 3 4 4 4 4 4 
86 53 0 3 4 4 4 4 4 
86 53 2 3 4 4 4 4 4 
86 53 2 3 4 4 4 4 4 
86 54 2 3 4 4 4 4 4 
86 54 2 3 4 4 4 4 4 
86 56 2 3 4 4 4 4 4 
86 56 2 3 4 4 4 4 4 
86 5 2 3 4 4 4 4 4 
86 76 2 3 4 4 4 4 4 
86 99 2 3 4 4 4 4 4 
86 100 2 3 4 4 4 4 4 
86 100 2 3 4 4 4 4 4 
86 100 2 3 4 4 4 4 4 
86 100 2 3 4 4 4 4 4 
86 121 2 3 4 4 4 4 4 
86 121 2 3 4 4 4 4 4 
86 134 2 3 4 4 4 4 4 
86 5 2 3 4 4 4 4 4 
86 145 2 3 4 4 4 4 4 
86 156 2 3 4 4 4 4 4 
86 156 2 3 4 4 4 4 4 
86 156 2 3 4 4 4 4 4 
86 156 2 3 4 4 4 4 4 
86 5 2 3 4 4 4 4 4 
86 5 2 3 4 4 4 4 4 
86 166 2 3 4 4 4 4 4 
86 166 2 3 4 4 4 4 4 
86 173 2 3 4 4 4 4 4 
86 173 2 3 4 4 4 4 4 
86 184 2 3 4 4 4 4 4 
86 185 2 3 4 4 4 4 4 
86 185 2 3 4 4 4 4 4 
87 190 2 3 4 4 4 4 4 
87 190 2 3 4 4 4 4 4 
91 5 2 3 4 4 4 4 4 
91 5 2 3 4 4 4 4 4 
91 191 2 3 4 4 4 4 4 
91 191 2 3 4 4 4 4 4 
92 168 2 3 4 4 4 4 4 
92 55 2 3 4 4 4 4 4 
92 55 2 3 4 4 4 4 4 
92 73 2 3 4 4 4 4 4 
92 73 2 3 4 4 4 4 4 
92 115 2 3 4 4 4 4 4 
92 115 2 3 4 4 4 4 4 
92 5 2 3 4 4 4 4 4 
92 5 2 3 4 4 4 4 4 
92 137 2 3 4 4 4 4 4 
95 124 0 3 4 4 4 4 4 
95 124 2 3 4 4 4 4 4 
96 168 2 3 4 4 4 4 4 
101 91 2 3 4 4 4 4 4 
101 91 2 3 4 4 4 4 4 
101 111 2 3 4 4 4 4 4 
101 175 2 3 4 4 4 4 4 
101 175 2 3 4 4 4 4 4 
103 59 0 3 4 4 4 4 4 
103 59 2 3 4 4 4 4 4 
104 124 0 3 4 4 4 4 4 
104 124 0 3 4 4 4 4 4 
109 111 2 3 4 4 4 4 4 
109 111 2 3 4 4 4 4 4 
110 84 59 6 3 4 4 4 4 
110 84 59 6 3 4 4 4 4 
110 84 59 6 3 4 4 4 4 
138 168 2 3 4 4 4 4 4 
138 168 2 3 4 4 4 4 4 
142 23 2 3 4 4 4 4 4 
142 34 2 3 4 4 4 4 4 
142 136 2 3 4 4 4 4 4 
146 37 0 3 4 4 4 4 4 
146 37 0 3 4 4 4 4 4 
146 37 2 3 4 4 4 4 4 
146 70 2 3 4 4 4 4 4 
146 70 2 3 4 4 4 4 4 
151 174 0 3 4 4 4 4 4 
151 174 0 3 4 4 4 4 4 
155 168 2 3 4 4 4 4 4 
155 168 2 3 4 4 4 4 4 
159 91 2 3 4 4 4 4 4 
159 91 2 3 4 4 4 4 4 
159 91 2 3 4 4 4 4 4 
159 91 2 3 4 4 4 4 4 
160 168 2 3 4 4 4 4 4 
160 168 2 3 4 4 4 4 4 
161 0 3 4 4 4 4 4 4 
161 0 3 4 4 4 4 4 4 
161 0 3 4 4 4 4 4 4 
164 190 2 3 4 4 4 4 4 
164 190 2 3 4 4 4 4 4 
164 190 2 3 4 4 4 4 4 
164 190 2 3 4 4 4 4 4 
168 23 2 3 4 4 4 4 4 
168 34 2 3 4 4 4 4 4 
168 34 2 3 4 4 4 4 4 
168 97 2 3 4 4 4 4 4 
168 102 2 3 4 4 4 4 4 
168 102 2 3 4 4 4 4 4 
168 5 2 3 4 4 4 4 4 
168 5 2 3 4 4 4 4 4 
168 105 2 3 4 4 4 4 4 
168 126 2 3 4 4 4 4 4 
169 99 2 3 4 4 4 4 4 
171 111 2 3 4 4 4 4 4 
171 111 2 3 4 4 4 4 4 
172 5 2 3 4 4 4 4 4 
172 149 2 3 4 4 4 4 4 
172 149 2 3 4 4 4 4 4 
172 165 2 3 4 4 4 4 4 
172 165 2 3 4 4 4 4 4 
176 165 2 3 4 4 4 4 4 
176 165 2 3 4 4 4 4 4 
176 165 2 3 4 4 4 4 4 
176 165 2 3 4 4 4 4 4 
179 168 2 3 4 4 4 4 4 
179 168 2 3 4 4 4 4 4 
181 111 2 3 4 4 4 4 4 
181 111 2 3 4 4 4 4 4 
181 175 2 3 4 4 4 4 4 
181 175 2 3 4 4 4 4 4 
183 8 2 3 4 4 4 4 4 
5 59 2 3 4 4 4 4 4 
187 51 6 3 4 4 4 4 4 
187 51 6 3 4 4 4 4 4 
187 55 0 3 4 4 4 4 4 
187 55 0 3 4 4 4 4 4 
188 23 6 3 4 4 4 4 4 
188 34 6 3 4 4 4 4 4 
188 45 6 3 4 4 4 4 4 
188 128 6 3 4 4 4 4 4 
5 66 6 3 4 4 4 4 4 
192 111 2 3 4 4 4 4 4 
192 111 2 3 4 4 4 4 4 
193 105 2 3 4 4 4 4 4 
193 105 2 3 4 4 4 4 4 
5 193 2 3 4 4 4 4 4 
5 2 48 0 3 4 4 4 4 
10 84 99 6 3 4 4 4 4 
5 111 2 3 4 4 4 4 4 
16 140 2 3 4 4 4 4 4 
16 140 2 3 4 4 4 4 4 
5 5 2 3 4 4 4 4 4 
5 193 2 3 4 4 4 4 4 
21 76 0 3 4 4 4 4 4 
22 37 0 3 4 4 4 4 4 
22 37 2 3 4 4 4 4 4 
24 183 59 6 3 4 4 4 4 
24 183 59 6 3 4 4 4 4 
24 183 59 6 3 4 4 4 4 
25 168 2 3 4 4 4 4 4 
25 168 2 3 4 4 4 4 4 
25 72 2 3 4 4 4 4 4 
28 14 2 3 4 4 4 4 4 
28 14 2 3 4 4 4 4 4 
28 70 2 3 4 4 4 4 4 
28 70 2 3 4 4 4 4 4 
28 125 0 3 4 4 4 4 4 
28 125 0 3 4 4 4 4 4 
28 125 2 3 4 4 4 4 4 
28 125 2 3 4 4 4 4 4 
28 125 2 3 4 4 4 4 4 
28 125 2 3 4 4 4 4 4 
28 125 2 3 4 4 4 4 4 
28 150 2 3 4 4 4 4 4 
28 150 2 3 4 4 4 4 4 
29 37 2 3 4 4 4 4 4 
32 84 189 6 3 4 4 4 4 
32 84 189 6 3 4 4 4 4 
32 84 189 6 3 4 4 4 4 
5 91 118 2 3 4 4 4 4 
35 15 2 3 4 4 4 4 4 
