3 201 0 4 5 5 5 5 5 
3 176 0 4 5 5 5 5 5 
3 55 0 4 5 5 5 5 5 
3 54 0 4 5 5 5 5 5 
3 161 7 4 5 5 5 5 5 
3 211 6 0 4 5 5 5 5 
3 24 88 0 4 5 5 5 5 
3 210 6 0 4 5 5 5 5 
3 6 2 4 5 5 5 5 5 
3 211 6 0 4 5 5 5 5 
3 6 0 4 5 5 5 5 5 
3 6 0 4 5 5 5 5 5 
3 21 0 4 5 5 5 5 5 
3 20 0 4 5 5 5 5 5 
3 153 2 4 5 5 5 5 5 
3 53 2 4 5 5 5 5 5 
3 6 2 4 5 5 5 5 5 
3 6 0 4 5 5 5 5 5 
3 176 0 4 5 5 5 5 5 
3 108 6 2 4 5 5 5 5 
3 6 2 4 5 5 5 5 5 
3 105 94 0 4 5 5 5 5 
3 108 112 72 0 4 5 5 5 
3 111 94 2 4 5 5 5 5 
3 6 134 0 4 5 5 5 5 
3 6 0 4 5 5 5 5 5 
3 6 0 4 5 5 5 5 5 
3 177 0 4 5 5 5 5 5 
3 210 6 177 0 4 5 5 5 
3 128 0 4 5 5 5 5 5 
3 6 0 4 5 5 5 5 5 
3 6 2 4 5 5 5 5 5 
3 201 1 124 2 4 5 5 5 
3 6 124 2 4 5 5 5 5 
3 203 124 2 4 5 5 5 5 
3 105 150 0 4 5 5 5 5 
3 51 0 4 5 5 5 5 5 
3 150 7 4 5 5 5 5 5 
3 51 7 4 5 5 5 5 5 
3 6 41 7 4 5 5 5 5 
3 6 2 4 5 5 5 5 5 
3 6 2 4 5 5 5 5 5 
3 6 57 190 36 0 4 5 5 
3 6 57 6 36 0 4 5 5 
3 108 183 6 2 4 5 5 5 
3 108 183 194 2 4 5 5 5 
3 108 175 2 4 5 5 5 5 
3 108 183 143 2 4 5 5 5 
3 108 183 144 2 4 5 5 5 
3 105 148 2 4 5 5 5 5 
3 111 147 2 4 5 5 5 5 
3 105 6 6 2 4 5 5 5 
3 108 202 30 2 4 5 5 5 
3 211 201 2 4 5 5 5 5 
3 6 0 4 5 5 5 5 5 
3 37 146 6 0 4 5 5 5 
3 6 0 4 5 5 5 5 5 
3 73 6 6 2 4 5 5 5 
3 6 6 0 4 5 5 5 5 
3 37 100 58 160 0 4 5 5 
3 102 6 77 146 160 0 4 5 
3 37 6 0 4 5 5 5 5 
3 73 25 6 0 4 5 5 5 
3 100 58 160 0 4 5 5 5 
3 6 7 4 5 5 5 5 5 
3 6 7 4 5 5 5 5 5 
3 6 33 7 4 5 5 5 5 
3 128 0 4 5 5 5 5 5 
3 6 76 2 4 5 5 5 5 
3 135 27 94 2 4 5 5 5 
3 135 6 2 4 5 5 5 5 
3 135 6 72 2 4 5 5 5 
3 135 6 2 4 5 5 5 5 
3 60 210 192 2 4 5 5 5 
3 85 0 4 5 5 5 5 5 
3 179 38 0 4 5 5 5 5 
3 182 38 0 4 5 5 5 5 
3 182 39 0 4 5 5 5 5 
3 179 67 0 4 5 5 5 5 
3 179 110 0 4 5 5 5 5 
3 182 110 0 4 5 5 5 5 
3 182 6 0 4 5 5 5 5 
3 179 212 0 4 5 5 5 5 
3 182 212 0 4 5 5 5 5 
3 182 6 0 4 5 5 5 5 
3 179 95 2 4 5 5 5 5 
3 179 95 0 4 5 5 5 5 
3 179 96 0 4 5 5 5 5 
3 182 95 0 4 5 5 5 5 
3 182 96 0 4 5 5 5 5 
3 182 6 0 4 5 5 5 5 
3 182 6 0 4 5 5 5 5 
3 66 0 4 5 5 5 5 5 
3 6 0 4 5 5 5 5 5 
3 6 0 4 5 5 5 5 5 
3 6 0 4 5 5 5 5 5 
3 6 0 4 5 5 5 5 5 
3 75 0 4 5 5 5 5 5 
3 74 2 4 5 5 5 5 5 
3 74 0 4 5 5 5 5 5 
3 75 0 4 5 5 5 5 5 
3 15 0 4 5 5 5 5 5 
3 15 0 4 5 5 5 5 5 
3 206 0 4 5 5 5 5 5 
3 204 0 4 5 5 5 5 5 
3 114 193 0 4 5 5 5 5 
3 115 193 0 4 5 5 5 5 
3 6 193 0 4 5 5 5 5 
3 6 193 0 4 5 5 5 5 
3 201 46 192 2 4 5 5 5 
3 181 0 4 5 5 5 5 5 
3 180 0 4 5 5 5 5 5 
3 181 0 4 5 5 5 5 5 
3 180 2 4 5 5 5 5 5 
3 6 2 4 5 5 5 5 5 
3 66 0 4 5 5 5 5 5 
3 142 0 4 5 5 5 5 5 
3 201 188 81 90 0 4 5 5 
3 142 0 4 5 5 5 5 5 
3 66 0 4 5 5 5 5 5 
3 6 116 6 0 4 5 5 5 
3 142 6 2 4 5 5 5 5 
3 201 6 0 4 5 5 5 5 
3 6 0 4 5 5 5 5 5 
3 6 73 0 4 5 5 5 5 
3 168 210 113 125 2 4 5 5 
3 167 210 113 125 2 4 5 5 
3 167 47 6 2 4 5 5 5 
3 168 47 207 2 4 5 5 5 
3 201 62 0 4 5 5 5 5 
3 15 62 0 4 5 5 5 5 
3 210 113 6 2 4 5 5 5 
3 21 200 149 0 4 5 5 5 
3 20 200 149 0 4 5 5 5 
3 191 33 0 4 5 5 5 5 
3 189 33 0 4 5 5 5 5 
3 102 6 193 2 4 5 5 5 
3 102 8 6 193 2 4 5 5 
3 102 56 2 4 5 5 5 5 
3 12 0 4 5 5 5 5 5 
3 12 2 4 5 5 5 5 5 
3 6 2 4 5 5 5 5 5 
3 6 0 4 5 5 5 5 5 
3 6 0 4 5 5 5 5 5 
3 133 6 151 0 4 5 5 5 
3 133 6 146 2 4 5 5 5 
3 82 200 6 210 192 2 4 5 
3 108 183 63 6 6 2 4 5 
3 105 6 2 4 5 5 5 5 
3 108 127 183 6 2 4 5 5 
3 108 127 183 6 2 4 5 5 
3 108 6 2 4 5 5 5 5 
3 108 6 2 4 5 5 5 5 
3 108 6 2 4 5 5 5 5 
3 108 6 2 4 5 5 5 5 
3 108 127 183 6 59 2 4 5 
3 108 127 183 6 59 2 4 5 
3 111 6 2 4 5 5 5 5 
3 111 6 2 4 5 5 5 5 
3 6 2 4 5 5 5 5 5 
3 105 6 2 4 5 5 5 5 
3 105 6 2 4 5 5 5 5 
3 111 84 178 2 4 5 5 5 
3 6 2 4 5 5 5 5 5 
3 108 183 192 2 4 5 5 5 
3 108 183 97 2 4 5 5 5 
3 108 183 98 2 4 5 5 5 
3 108 183 73 6 2 4 5 5 
3 108 183 6 0 4 5 5 5 
3 108 183 6 0 4 5 5 5 
3 108 183 126 2 4 5 5 5 
3 108 183 196 2 4 5 5 5 
3 108 183 6 2 4 5 5 5 
3 108 183 131 2 4 5 5 5 
3 108 183 6 2 4 5 5 5 
3 37 6 0 4 5 5 5 5 
3 109 2 4 5 5 5 5 5 
3 109 210 135 2 4 5 5 5 
3 6 0 4 5 5 5 5 5 
3 6 0 4 5 5 5 5 5 
3 6 2 4 5 5 5 5 5 
3 6 2 4 5 5 5 5 5 
3 129 6 2 4 5 5 5 5 
3 6 0 4 5 5 5 5 5 
3 6 2 4 5 5 5 5 5 
3 6 0 4 5 5 5 5 5 
3 210 151 2 4 5 5 5 5 
3 6 0 4 5 5 5 5 5 
3 6 0 4 5 5 5 5 5 
3 6 0 4 5 5 5 5 5 
3 87 0 4 5 5 5 5 5 
3 6 0 4 5 5 5 5 5 
3 87 0 4 5 5 5 5 5 
3 113 6 0 4 5 5 5 5 
3 210 151 187 0 4 5 5 5 
3 6 0 4 5 5 5 5 5 
3 6 0 4 5 5 5 5 5 
3 6 0 4 5 5 5 5 5 
3 6 0 4 5 5 5 5 5 
3 192 8 94 2 4 5 5 5 
3 172 0 4 5 5 5 5 5 
3 172 0 4 5 5 5 5 5 
3 173 0 4 5 5 5 5 5 
3 172 0 4 5 5 5 5 5 
3 173 0 4 5 5 5 5 5 
3 6 0 4 5 5 5 5 5 
3 6 0 4 5 5 5 5 5 
3 135 6 2 4 5 5 5 5 
3 135 6 2 4 5 5 5 5 
3 135 27 148 2 4 5 5 5 
3 135 92 29 2 4 5 5 5 
3 135 92 28 2 4 5 5 5 
3 135 92 65 2 4 5 5 5 
3 135 92 64 2 4 5 5 5 
3 135 27 213 65 2 4 5 5 
3 135 27 213 64 2 4 5 5 
3 135 27 213 29 2 4 5 5 
3 135 27 213 28 2 4 5 5 
3 6 0 4 5 5 5 5 5 
3 161 8 94 7 4 5 5 5 
3 161 6 72 7 4 5 5 5 
3 199 55 2 4 5 5 5 5 
3 184 98 7 4 5 5 5 5 
3 184 6 7 4 5 5 5 5 
3 6 2 4 5 5 5 5 5 
3 6 2 4 5 5 5 5 5 
3 165 0 4 5 5 5 5 5 
3 164 2 4 5 5 5 5 5 
3 165 0 4 5 5 5 5 5 
3 164 2 4 5 5 5 5 5 
3 6 0 4 5 5 5 5 5 
3 6 2 4 5 5 5 5 5 
3 179 200 99 0 4 5 5 5 
3 182 200 99 0 4 5 5 5 
3 179 38 0 4 5 5 5 5 
3 182 38 0 4 5 5 5 5 
3 182 39 0 4 5 5 5 5 
3 25 6 2 4 5 5 5 5 
3 106 175 90 6 2 4 5 5 
3 17 192 2 4 5 5 5 5 
3 6 192 2 4 5 5 5 5 
3 6 0 4 5 5 5 5 5 
3 6 0 4 5 5 5 5 5 
3 6 2 4 5 5 5 5 5 
3 6 0 4 5 5 5 5 5 
3 6 0 4 5 5 5 5 5 
3 6 210 171 0 4 5 5 5 
3 53 210 171 0 4 5 5 5 
3 197 192 2 4 5 5 5 5 
3 198 192 2 4 5 5 5 5 
3 6 42 2 4 5 5 5 5 
3 6 211 2 4 5 5 5 5 
3 120 0 4 5 5 5 5 5 
3 6 0 4 5 5 5 5 5 
3 6 0 4 5 5 5 5 5 
3 120 0 4 5 5 5 5 5 
3 6 0 4 5 5 5 5 5 
3 201 6 6 6 107 183 0 4 
3 66 0 4 5 5 5 5 5 
3 201 24 6 0 4 5 5 5 
3 179 6 0 4 5 5 5 5 
3 203 2 4 5 5 5 5 5 
3 153 0 4 5 5 5 5 5 
3 6 6 0 4 5 5 5 5 
3 203 0 4 5 5 5 5 5 
3 30 6 0 4 5 5 5 5 
3 33 35 0 4 5 5 5 5 
3 6 6 0 4 5 5 5 5 
3 6 2 4 5 5 5 5 5 
3 6 2 4 5 5 5 5 5 
3 6 30 0 4 5 5 5 5 
3 6 30 0 4 5 5 5 5 
3 102 76 2 4 5 5 5 5 
3 102 77 131 2 4 5 5 5 
3 11 192 2 4 5 5 5 5 
3 6 192 2 4 5 5 5 5 
3 176 1 117 6 0 4 5 5 
3 49 37 6 0 4 5 5 5 
3 6 6 7 4 5 5 5 5 
3 49 37 6 0 4 5 5 5 
3 49 37 95 0 4 5 5 5 
3 37 63 6 0 4 5 5 5 
3 49 37 6 0 4 5 5 5 
3 83 6 2 4 5 5 5 5 
3 6 2 4 5 5 5 5 5 
3 6 0 4 5 5 5 5 5 
3 6 0 4 5 5 5 5 5 
3 6 0 4 5 5 5 5 5 
3 108 183 97 2 4 5 5 5 
3 108 122 183 30 6 2 4 5 
3 108 122 183 30 6 2 4 5 
3 108 112 84 2 4 5 5 5 
3 37 129 161 112 84 2 4 5 
3 105 6 2 4 5 5 5 5 
3 105 6 2 4 5 5 5 5 
3 105 51 2 4 5 5 5 5 
3 105 51 2 4 5 5 5 5 
3 105 41 2 4 5 5 5 5 
3 105 6 2 4 5 5 5 5 
3 105 6 2 4 5 5 5 5 
3 111 6 2 4 5 5 5 5 
3 111 6 2 4 5 5 5 5 
3 111 84 178 58 113 6 2 4 
3 111 6 2 4 5 5 5 5 
3 108 6 2 4 5 5 5 5 
3 105 6 2 4 5 5 5 5 
3 108 166 2 4 5 5 5 5 
3 108 116 166 2 4 5 5 5 
3 108 127 183 6 2 4 5 5 
3 108 127 183 6 2 4 5 5 
3 108 112 208 2 4 5 5 5 
3 108 121 208 2 4 5 5 5 
3 111 6 2 4 5 5 5 5 
3 108 183 6 2 4 5 5 5 
3 108 183 6 2 4 5 5 5 
3 111 6 2 4 5 5 5 5 
3 108 6 2 4 5 5 5 5 
3 106 82 6 2 4 5 5 5 
3 108 122 6 2 4 5 5 5 
3 108 6 2 4 5 5 5 5 
3 108 202 6 2 4 5 5 5 
3 6 2 4 5 5 5 5 5 
3 108 183 6 2 4 5 5 5 
3 127 6 2 4 5 5 5 5 
3 108 183 6 2 4 5 5 5 
3 108 183 136 2 4 5 5 5 
3 108 183 6 2 4 5 5 5 
3 108 183 38 2 4 5 5 5 
3 105 91 2 4 5 5 5 5 
3 108 183 67 2 4 5 5 5 
3 108 183 68 2 4 5 5 5 
3 108 183 6 2 4 5 5 5 
3 108 183 6 2 4 5 5 5 
3 106 10 6 2 4 5 5 5 
3 108 183 110 2 4 5 5 5 
3 105 113 6 6 2 4 5 5 
3 105 116 6 6 2 4 5 5 
3 108 183 6 2 4 5 5 5 
3 6 201 30 2 4 5 5 5 
3 108 202 30 2 4 5 5 5 
3 211 201 2 4 5 5 5 5 
3 108 183 118 0 4 5 5 5 
3 108 183 118 2 4 5 5 5 
3 108 183 6 2 4 5 5 5 
3 108 183 6 0 4 5 5 5 
3 108 183 6 0 4 5 5 5 
3 106 183 2 4 5 5 5 5 
3 108 183 58 113 144 2 4 5 
3 108 183 6 2 4 5 5 5 
3 108 183 47 129 2 4 5 5 
3 108 183 73 169 2 4 5 5 
3 108 183 141 2 4 5 5 5 
3 108 183 79 2 4 5 5 5 
3 108 183 140 2 4 5 5 5 
3 108 183 80 2 4 5 5 5 
3 108 202 30 2 4 5 5 5 
3 108 127 152 30 2 4 5 5 
3 108 183 170 2 4 5 5 5 
3 108 183 73 6 2 4 5 5 
3 108 183 126 2 4 5 5 5 
3 106 183 43 2 4 5 5 5 
3 108 183 43 2 4 5 5 5 
3 106 183 186 2 4 5 5 5 
3 106 183 6 2 4 5 5 5 
3 108 183 6 2 4 5 5 5 
3 108 183 6 2 4 5 5 5 
3 108 183 6 2 4 5 5 5 
3 108 183 6 2 4 5 5 5 
3 108 183 6 2 4 5 5 5 
3 108 183 6 2 4 5 5 5 
3 108 183 78 2 4 5 5 5 
3 108 202 30 2 4 5 5 5 
3 108 127 152 30 2 4 5 5 
3 105 94 2 4 5 5 5 5 
3 108 112 72 2 4 5 5 5 
3 211 11 2 4 5 5 5 5 
3 211 84 6 2 4 5 5 5 
3 69 6 2 4 5 5 5 5 
3 211 6 2 4 5 5 5 5 
3 37 192 2 4 5 5 5 5 
3 37 6 2 4 5 5 5 5 
3 37 6 2 4 5 5 5 5 
3 37 116 6 2 4 5 5 5 
3 37 113 6 2 4 5 5 5 
3 37 6 2 4 5 5 5 5 
3 37 6 2 4 5 5 5 5 
3 37 32 2 4 5 5 5 5 
3 102 77 6 2 4 5 5 5 
3 6 196 2 4 5 5 5 5 
3 6 6 2 4 5 5 5 5 
3 6 146 2 4 5 5 5 5 
3 6 192 2 4 5 5 5 5 
3 114 193 0 4 5 5 5 5 
3 115 193 0 4 5 5 5 5 
3 6 0 4 5 5 5 5 5 
3 6 0 4 5 5 5 5 5 
3 6 0 4 5 5 5 5 5 
3 16 0 4 5 5 5 5 5 
3 16 0 4 5 5 5 5 5 
3 6 0 4 5 5 5 5 5 
3 6 6 0 4 5 5 5 5 
3 6 0 4 5 5 5 5 5 
3 6 0 4 5 5 5 5 5 
3 156 145 7 4 5 5 5 5 
3 156 209 14 7 4 5 5 5 
3 156 6 6 7 4 5 5 5 
3 6 192 2 4 5 5 5 5 
3 6 192 2 4 5 5 5 5 
3 69 77 6 2 4 5 5 5 
3 69 77 6 2 4 5 5 5 
3 69 56 2 4 5 5 5 5 
3 19 0 4 5 5 5 5 5 
3 18 0 4 5 5 5 5 5 
3 19 2 4 5 5 5 5 5 
3 19 101 2 4 5 5 5 5 
3 18 101 2 4 5 5 5 5 
3 6 151 89 0 4 5 5 5 
3 6 151 89 0 4 5 5 5 
3 6 192 2 4 5 5 5 5 
3 6 192 2 4 5 5 5 5 
3 6 2 4 5 5 5 5 5 
3 6 2 4 5 5 5 5 5 
3 6 2 4 5 5 5 5 5 
3 6 2 4 5 5 5 5 5 
3 6 210 192 2 4 5 5 5 
3 6 192 2 4 5 5 5 5 
3 6 0 4 5 5 5 5 5 
3 6 0 4 5 5 5 5 5 
3 6 0 4 5 5 5 5 5 
3 103 93 2 4 5 5 5 5 
3 70 93 2 4 5 5 5 5 
3 103 137 94 2 4 5 5 5 
3 70 137 94 2 4 5 5 5 
3 192 77 205 2 4 5 5 5 
3 192 77 130 2 4 5 5 5 
3 192 6 2 4 5 5 5 5 
3 192 6 2 4 5 5 5 5 
3 192 77 143 2 4 5 5 5 
3 192 6 2 4 5 5 5 5 
3 192 8 6 2 4 5 5 5 
3 192 6 2 4 5 5 5 5 
3 192 8 148 2 4 5 5 5 
3 192 8 147 2 4 5 5 5 
3 6 187 2 4 5 5 5 5 
3 6 52 2 4 5 5 5 5 
3 83 52 2 4 5 5 5 5 
3 82 200 6 2 4 5 5 5 
3 6 0 4 5 5 5 5 5 
3 6 0 4 5 5 5 5 5 
3 6 42 0 4 5 5 5 5 
3 6 42 0 4 5 5 5 5 
3 6 42 2 4 5 5 5 5 
3 6 42 2 4 5 5 5 5 
3 6 42 0 4 5 5 5 5 
3 6 42 0 4 5 5 5 5 
3 6 192 2 4 5 5 5 5 
3 6 192 2 4 5 5 5 5 
3 6 0 4 5 5 5 5 5 
3 6 0 4 5 5 5 5 5 
3 6 0 4 5 5 5 5 5 
3 6 0 4 5 5 5 5 5 
3 135 6 6 2 4 5 5 5 
3 135 6 2 4 5 5 5 5 
3 6 162 81 7 4 5 5 5 
3 210 162 33 7 4 5 5 5 
3 157 158 174 6 0 4 5 5 
3 157 158 174 6 0 4 5 5 
3 161 77 205 7 4 5 5 5 
3 161 77 130 7 4 5 5 5 
3 161 77 194 7 4 5 5 5 
3 161 6 7 4 5 5 5 5 
3 161 6 7 4 5 5 5 5 
3 6 0 4 5 5 5 5 5 
3 6 0 4 5 5 5 5 5 
3 199 6 148 2 4 5 5 5 
3 207 6 148 2 4 5 5 5 
3 6 207 2 4 5 5 5 5 
3 73 6 0 88 0 4 5 5 
3 184 73 169 7 4 5 5 5 
3 6 2 4 5 5 5 5 5 
3 19 0 4 5 5 5 5 5 
3 18 0 4 5 5 5 5 5 
3 117 6 6 2 4 5 5 5 
3 210 190 6 0 4 5 5 5 
3 17 210 113 125 0 4 5 5 
3 40 0 4 5 5 5 5 5 
3 6 2 4 5 5 5 5 5 
3 154 145 7 4 5 5 5 5 
3 154 135 73 14 7 4 5 5 
3 154 209 14 7 4 5 5 5 
3 22 192 2 4 5 5 5 5 
3 23 192 2 4 5 5 5 5 
3 6 2 4 5 5 5 5 5 
3 6 0 4 5 5 5 5 5 
3 6 0 4 5 5 5 5 5 
3 206 101 2 4 5 5 5 5 
3 204 6 2 4 5 5 5 5 
3 206 0 4 5 5 5 5 5 
3 204 0 4 5 5 5 5 5 
3 204 101 0 4 5 5 5 5 
3 206 47 135 0 4 5 5 5 
3 204 47 135 0 4 5 5 5 
3 206 47 129 0 4 5 5 5 
3 204 47 129 0 4 5 5 5 
3 206 31 0 4 5 5 5 5 
3 204 31 0 4 5 5 5 5 
3 40 0 4 5 5 5 5 5 
3 6 94 7 4 5 5 5 5 
3 6 72 7 4 5 5 5 5 
3 6 129 161 10 94 7 4 5 
3 6 124 2 4 5 5 5 5 
3 6 48 9 2 4 5 5 5 
